95.0,647.0,96.0,552.0
124.0,91.0,168.0,89.0
592.0,514.0,619.0,435.0
118.0,192.0,118.0,108.0
110.0,440.0,109.0,221.0
358.0,126.0,358.0,141.0
580.1714285714286,126.0,580.1714285714286,141.0
358.0,185.73333333333332,358.0,200.73333333333332
580.1714285714286,185.73333333333332,580.1714285714286,200.73333333333332
358.0,245.46666666666664,358.0,260.46666666666664
580.1714285714286,245.46666666666664,580.1714285714286,260.46666666666664
358.0,305.2,358.0,320.2
580.1714285714286,305.2,580.1714285714286,320.2
413.54285714285714,126.0,413.54285714285714,141.0
635.7142857142857,126.0,635.7142857142857,141.0
413.54285714285714,185.73333333333332,413.54285714285714,200.73333333333332
635.7142857142857,185.73333333333332,635.7142857142857,200.73333333333332
413.54285714285714,245.46666666666664,413.54285714285714,260.46666666666664
635.7142857142857,245.46666666666664,635.7142857142857,260.46666666666664
413.54285714285714,305.2,413.54285714285714,320.2
635.7142857142857,305.2,635.7142857142857,320.2
469.0857142857143,126.0,469.0857142857143,141.0
691.2571428571428,126.0,691.2571428571428,141.0
469.0857142857143,185.73333333333332,469.0857142857143,200.73333333333332
691.2571428571428,185.73333333333332,691.2571428571428,200.73333333333332
469.0857142857143,245.46666666666664,469.0857142857143,260.46666666666664
691.2571428571428,245.46666666666664,691.2571428571428,260.46666666666664
469.0857142857143,305.2,469.0857142857143,320.2
691.2571428571428,305.2,691.2571428571428,320.2
524.6285714285714,126.0,524.6285714285714,141.0
746.8,126.0,746.8,141.0
524.6285714285714,185.73333333333332,524.6285714285714,200.73333333333332
746.8,185.73333333333332,746.8,200.73333333333332
524.6285714285714,245.46666666666664,524.6285714285714,260.46666666666664
746.8,245.46666666666664,746.8,260.46666666666664
524.6285714285714,305.2,524.6285714285714,320.2
746.8,305.2,746.8,320.2
127.0,380.0,252.0,382.0
158.0,491.0,337.0,491.0
378.0,126.0,378.0,141.0
600.1714285714286,126.0,600.1714285714286,141.0
378.0,185.73333333333332,378.0,200.73333333333332
600.1714285714286,185.73333333333332,600.1714285714286,200.73333333333332
378.0,245.46666666666664,378.0,260.46666666666664
600.1714285714286,245.46666666666664,600.1714285714286,260.46666666666664
378.0,305.2,378.0,320.2
600.1714285714286,305.2,600.1714285714286,320.2
60.0,441.0,59.0,405.0
338.0,156.0,353.0,156.0
393.54285714285714,156.0,408.54285714285714,156.0
449.0857142857143,156.0,464.0857142857143,156.0
504.6285714285714,156.0,519.6285714285714,156.0
560.1714285714286,156.0,575.1714285714286,156.0
615.7142857142857,156.0,630.7142857142857,156.0
671.2571428571428,156.0,686.2571428571428,156.0
726.8,156.0,741.8,156.0
433.54285714285714,126.0,433.54285714285714,141.0
338.0,215.73333333333332,353.0,215.73333333333332
393.54285714285714,215.73333333333332,408.54285714285714,215.73333333333332
449.0857142857143,215.73333333333332,464.0857142857143,215.73333333333332
504.6285714285714,215.73333333333332,519.6285714285714,215.73333333333332
655.7142857142857,126.0,655.7142857142857,141.0
489.0857142857143,126.0,489.0857142857143,141.0
560.1714285714286,215.73333333333332,575.1714285714286,215.73333333333332
615.7142857142857,215.73333333333332,630.7142857142857,215.73333333333332
671.2571428571428,215.73333333333332,686.2571428571428,215.73333333333332
726.8,215.73333333333332,741.8,215.73333333333332
433.54285714285714,185.73333333333332,433.54285714285714,200.73333333333332
711.2571428571428,126.0,711.2571428571428,141.0
544.6285714285714,126.0,544.6285714285714,141.0
338.0,275.46666666666664,353.0,275.46666666666664
393.54285714285714,275.46666666666664,408.54285714285714,275.46666666666664
449.0857142857143,275.46666666666664,464.0857142857143,275.46666666666664
504.6285714285714,275.46666666666664,519.6285714285714,275.46666666666664
655.7142857142857,185.73333333333332,655.7142857142857,200.73333333333332
489.0857142857143,185.73333333333332,489.0857142857143,200.73333333333332
766.8,126.0,766.8,141.0
560.1714285714286,275.46666666666664,575.1714285714286,275.46666666666664
615.7142857142857,275.46666666666664,630.7142857142857,275.46666666666664
671.2571428571428,275.46666666666664,686.2571428571428,275.46666666666664
726.8,275.46666666666664,741.8,275.46666666666664
433.54285714285714,245.46666666666664,433.54285714285714,260.46666666666664
711.2571428571428,185.73333333333332,711.2571428571428,200.73333333333332
544.6285714285714,185.73333333333332,544.6285714285714,200.73333333333332
338.0,335.2,353.0,335.2
393.54285714285714,335.2,408.54285714285714,335.2
449.0857142857143,335.2,464.0857142857143,335.2
504.6285714285714,335.2,519.6285714285714,335.2
655.7142857142857,245.46666666666664,655.7142857142857,260.46666666666664
489.0857142857143,245.46666666666664,489.0857142857143,260.46666666666664
766.8,185.73333333333332,766.8,200.73333333333332
560.1714285714286,335.2,575.1714285714286,335.2
615.7142857142857,335.2,630.7142857142857,335.2
671.2571428571428,335.2,686.2571428571428,335.2
726.8,335.2,741.8,335.2
433.54285714285714,305.2,433.54285714285714,320.2
711.2571428571428,245.46666666666664,711.2571428571428,260.46666666666664
544.6285714285714,245.46666666666664,544.6285714285714,260.46666666666664
458.0,443.0,455.0,479.0
655.7142857142857,305.2,655.7142857142857,320.2
489.0857142857143,305.2,489.0857142857143,320.2
766.8,245.46666666666664,766.8,260.46666666666664
711.2571428571428,305.2,711.2571428571428,320.2
544.6285714285714,305.2,544.6285714285714,320.2
766.8,305.2,766.8,320.2
454.0,439.0,307.0,471.0
252.0,548.0,255.0,649.0
337.0,535.0,307.0,536.0
368.0,156.0
590.1714285714286,156.0
423.54285714285714,156.0
368.0,215.73333333333332
645.7142857142857,156.0
479.0857142857143,156.0
590.1714285714286,215.73333333333332
423.54285714285714,215.73333333333332
701.2571428571428,156.0
534.6285714285714,156.0
368.0,275.46666666666664
645.7142857142857,215.73333333333332
479.0857142857143,215.73333333333332
756.8,156.0
590.1714285714286,275.46666666666664
423.54285714285714,275.46666666666664
701.2571428571428,215.73333333333332
534.6285714285714,215.73333333333332
368.0,335.2
645.7142857142857,275.46666666666664
479.0857142857143,275.46666666666664
756.8,215.73333333333332
590.1714285714286,335.2
423.54285714285714,335.2
701.2571428571428,275.46666666666664
534.6285714285714,275.46666666666664
645.7142857142857,335.2
479.0857142857143,335.2
756.8,275.46666666666664
701.2571428571428,335.2
534.6285714285714,335.2
756.8,335.2
83.0,192.0
546.0,515.0
85.0,377.0
139.0,459.0
320.0,100.0,800.0,380.0
