96.0,646.0,96.0,550.0
108.0,256.0,106.0,221.0
160.0,493.0,336.0,494.0
113.0,189.0,113.0,115.0
126.0,93.0,169.0,88.0
62.0,442.0,60.0,402.0
352.5,116.80000000000001,352.5,131.8
604.7571428571429,116.80000000000001,604.7571428571429,131.8
352.5,180.58666666666664,352.5,195.58666666666664
604.7571428571429,180.58666666666664,604.7571428571429,195.58666666666664
352.5,244.37333333333333,352.5,259.37333333333333
604.7571428571429,244.37333333333333,604.7571428571429,259.37333333333333
352.5,308.15999999999997,352.5,323.15999999999997
604.7571428571429,308.15999999999997,604.7571428571429,323.15999999999997
415.5642857142857,116.80000000000001,415.5642857142857,131.8
667.8214285714287,116.80000000000001,667.8214285714287,131.8
415.5642857142857,180.58666666666664,415.5642857142857,195.58666666666664
667.8214285714287,180.58666666666664,667.8214285714287,195.58666666666664
415.5642857142857,244.37333333333333,415.5642857142857,259.37333333333333
667.8214285714287,244.37333333333333,667.8214285714287,259.37333333333333
415.5642857142857,308.15999999999997,415.5642857142857,323.15999999999997
667.8214285714287,308.15999999999997,667.8214285714287,323.15999999999997
478.62857142857143,116.80000000000001,478.62857142857143,131.8
730.8857142857144,116.80000000000001,730.8857142857144,131.8
478.62857142857143,180.58666666666664,478.62857142857143,195.58666666666664
730.8857142857144,180.58666666666664,730.8857142857144,195.58666666666664
478.62857142857143,244.37333333333333,478.62857142857143,259.37333333333333
730.8857142857144,244.37333333333333,730.8857142857144,259.37333333333333
478.62857142857143,308.15999999999997,478.62857142857143,323.15999999999997
730.8857142857144,308.15999999999997,730.8857142857144,323.15999999999997
541.6928571428572,116.80000000000001,541.6928571428572,131.8
793.95,116.80000000000001,793.95,131.8
541.6928571428572,180.58666666666664,541.6928571428572,195.58666666666664
793.95,180.58666666666664,793.95,195.58666666666664
541.6928571428572,244.37333333333333,541.6928571428572,259.37333333333333
793.95,244.37333333333333,793.95,259.37333333333333
541.6928571428572,308.15999999999997,541.6928571428572,323.15999999999997
793.95,308.15999999999997,793.95,323.15999999999997
126.0,384.0,254.0,382.0
332.5,146.8,347.5,146.8
395.5642857142857,146.8,410.5642857142857,146.8
458.62857142857143,146.8,473.62857142857143,146.8
521.6928571428572,146.8,536.6928571428572,146.8
589.0,512.0,611.0,410.0
584.7571428571429,146.8,599.7571428571429,146.8
647.8214285714287,146.8,662.8214285714287,146.8
710.8857142857144,146.8,725.8857142857144,146.8
773.95,146.8,788.95,146.8
372.5,116.80000000000001,372.5,131.8
624.7571428571429,116.80000000000001,624.7571428571429,131.8
372.5,180.58666666666664,372.5,195.58666666666664
624.7571428571429,180.58666666666664,624.7571428571429,195.58666666666664
332.5,210.58666666666664,347.5,210.58666666666664
395.5642857142857,210.58666666666664,410.5642857142857,210.58666666666664
458.62857142857143,210.58666666666664,473.62857142857143,210.58666666666664
521.6928571428572,210.58666666666664,536.6928571428572,210.58666666666664
372.5,244.37333333333333,372.5,259.37333333333333
624.7571428571429,244.37333333333333,624.7571428571429,259.37333333333333
372.5,308.15999999999997,372.5,323.15999999999997
624.7571428571429,308.15999999999997,624.7571428571429,323.15999999999997
584.7571428571429,210.58666666666664,599.7571428571429,210.58666666666664
647.8214285714287,210.58666666666664,662.8214285714287,210.58666666666664
710.8857142857144,210.58666666666664,725.8857142857144,210.58666666666664
773.95,210.58666666666664,788.95,210.58666666666664
435.5642857142857,116.80000000000001,435.5642857142857,131.8
687.8214285714287,116.80000000000001,687.8214285714287,131.8
332.5,274.37333333333333,347.5,274.37333333333333
395.5642857142857,274.37333333333333,410.5642857142857,274.37333333333333
458.62857142857143,274.37333333333333,473.62857142857143,274.37333333333333
521.6928571428572,274.37333333333333,536.6928571428572,274.37333333333333
435.5642857142857,180.58666666666664,435.5642857142857,195.58666666666664
498.62857142857143,116.80000000000001,498.62857142857143,131.8
750.8857142857144,116.80000000000001,750.8857142857144,131.8
584.7571428571429,274.37333333333333,599.7571428571429,274.37333333333333
647.8214285714287,274.37333333333333,662.8214285714287,274.37333333333333
710.8857142857144,274.37333333333333,725.8857142857144,274.37333333333333
773.95,274.37333333333333,788.95,274.37333333333333
687.8214285714287,180.58666666666664,687.8214285714287,195.58666666666664
498.62857142857143,180.58666666666664,498.62857142857143,195.58666666666664
561.6928571428572,116.80000000000001,561.6928571428572,131.8
813.95,116.80000000000001,813.95,131.8
332.5,338.15999999999997,347.5,338.15999999999997
395.5642857142857,338.15999999999997,410.5642857142857,338.15999999999997
458.62857142857143,338.15999999999997,473.62857142857143,338.15999999999997
521.6928571428572,338.15999999999997,536.6928571428572,338.15999999999997
435.5642857142857,244.37333333333333,435.5642857142857,259.37333333333333
750.8857142857144,180.58666666666664,750.8857142857144,195.58666666666664
561.6928571428572,180.58666666666664,561.6928571428572,195.58666666666664
584.7571428571429,338.15999999999997,599.7571428571429,338.15999999999997
647.8214285714287,338.15999999999997,662.8214285714287,338.15999999999997
710.8857142857144,338.15999999999997,725.8857142857144,338.15999999999997
773.95,338.15999999999997,788.95,338.15999999999997
687.8214285714287,244.37333333333333,687.8214285714287,259.37333333333333
498.62857142857143,244.37333333333333,498.62857142857143,259.37333333333333
813.95,180.58666666666664,813.95,195.58666666666664
458.0,446.0,456.0,479.0
435.5642857142857,308.15999999999997,435.5642857142857,323.15999999999997
750.8857142857144,244.37333333333333,750.8857142857144,259.37333333333333
561.6928571428572,244.37333333333333,561.6928571428572,259.37333333333333
687.8214285714287,308.15999999999997,687.8214285714287,323.15999999999997
498.62857142857143,308.15999999999997,498.62857142857143,323.15999999999997
813.95,244.37333333333333,813.95,259.37333333333333
750.8857142857144,308.15999999999997,750.8857142857144,323.15999999999997
561.6928571428572,308.15999999999997,561.6928571428572,323.15999999999997
813.95,308.15999999999997,813.95,323.15999999999997
454.0,442.0,308.0,466.0
252.0,554.0,253.0,647.0
362.5,146.8
614.7571428571429,146.8
362.5,210.58666666666664
425.5642857142857,146.8
677.8214285714287,146.8
614.7571428571429,210.58666666666664
425.5642857142857,210.58666666666664
488.62857142857143,146.8
740.8857142857144,146.8
362.5,274.37333333333333
677.8214285714287,210.58666666666664
488.62857142857143,210.58666666666664
551.6928571428572,146.8
803.95,146.8
614.7571428571429,274.37333333333333
425.5642857142857,274.37333333333333
740.8857142857144,210.58666666666664
551.6928571428572,210.58666666666664
362.5,338.15999999999997
677.8214285714287,274.37333333333333
488.62857142857143,274.37333333333333
803.95,210.58666666666664
614.7571428571429,338.15999999999997
425.5642857142857,338.15999999999997
740.8857142857144,274.37333333333333
551.6928571428572,274.37333333333333
677.8214285714287,338.15999999999997
488.62857142857143,338.15999999999997
803.95,274.37333333333333
740.8857142857144,338.15999999999997
551.6928571428572,338.15999999999997
803.95,338.15999999999997
82.0,196.0
378.0,516.0
84.0,375.0
308.0,87.0,853.0,386.0
